399
3.00000000 0.09904744
3.00000000 -0.00000000
3.00000000 0.22382653
3.00000000 0.45040440
3.00000000 0.33900168
2.88351425 0.11638111
2.90197061 0.21736188
2.87103143 0.10739906
2.86286799 0.00000000
3.00000000 0.56409702
2.89720629 0.56885277
2.86861278 0.25255657
2.89125261 0.33343747
2.85371753 0.50751154
2.85591246 0.38257743
2.88179729 0.45082768
2.79066819 0.24112844
2.77341328 0.13752394
2.73928381 0.11837619
2.74506657 0.00000000
2.69062812 0.13327920
3.00000000 0.68266687
3.00000000 0.79668455
3.00000000 0.89674734
3.00000000 1.00000000
2.86625491 0.65221919
2.88809619 0.68218548
2.79286395 0.51723229
2.78063790 0.64693384
2.75500360 0.60960702
2.77273327 0.37244144
2.74914440 0.27683444
2.72557573 0.41957484
2.72779251 0.46225010
2.67956834 0.26523444
2.65330986 0.21313046
2.61032914 0.07664588
2.61366433 -0.00000000
2.56151763 0.20068970
2.55242786 0.12070773
2.86993319 0.78593210
2.86155068 0.89570278
2.85934757 1.00000000
2.74129809 0.74137342
2.75672532 0.76637351
2.65081047 0.52383721
2.67418767 0.59931112
2.65426199 0.72637507
2.63200783 0.64792586
2.63243176 0.37514291
2.62427115 0.33836088
2.58899697 0.50073039
2.57425427 0.44637016
2.52916920 0.23416892
2.53704750 0.30162055
2.47331900 0.08953425
2.47036237 -0.00000000
2.44060179 0.21090179
2.43348709 0.12419992
2.72307212 0.87843191
2.71773006 1.00000000
2.60970945 0.77437247
2.63008151 0.85875623
2.53053510 0.55984464
2.54726702 0.63285863
2.52487799 0.75821133
2.50901514 0.67508686
2.49218916 0.41563345
2.48150092 0.35390970
2.43827784 0.47006006
2.44910506 0.53409812
2.40731778 0.32403800
2.39620902 0.24809117
2.33643810 0.10289625
2.33140689 0.00000000
2.32853130 0.22679238
2.31323017 0.12634926
2.57937972 0.90602985
2.58638687 1.00000000
2.48387188 0.79927083
2.49231897 0.87154824
2.40318994 0.58148074
2.41526631 0.65910294
2.39559790 0.77480973
2.38365489 0.69394799
2.19914552 -0.00000000
2.35468678 0.43789548
2.34576017 0.37478989
2.31154667 0.55662883
2.30167147 0.49014885
2.27749707 0.34198827
2.26904729 0.26642551
2.19632585 0.11283602
2.21232574 0.12679990
2.20997152 0.23885923
2.43408196 0.92317401
2.43647544 1.00000000
2.34746003 0.82065361
2.35274529 0.87596752
2.27089454 0.60164027
2.28794231 0.68007754
2.26745205 0.78770759
2.25649450 0.71853977
2.18877483 0.58695322
2.10807978 0.13079737
2.05841004 0.09148120
2.06093215 -0.00000000
2.20586801 0.39216536
2.21478724 0.45726935
2.15754652 0.51560279
2.14844070 0.35984717
2.08991422 0.23419137
2.14707710 0.26548829
2.05126843 0.24560015
2.28160591 0.93798758
2.28119375 1.00000000
2.20225120 0.84528971
2.20118320 0.86966943
2.13463225 0.66460451
2.15270464 0.70260913
2.12514323 0.77767442
2.10873403 0.50762263
2.06340249 0.64433395
2.04105874 0.57253006
1.97825980 0.13022432
1.97631422 0.19737187
1.91912709 0.08794816
1.91838298 -0.00000000
2.05949938 0.39875488
2.05556837 0.41465190
2.01524386 0.33449295
1.92839164 0.32995433
1.91197801 0.23790021
2.12688458 0.93039617
2.12715787 1.00000000
2.06157274 0.80064181
2.05524051 0.87716726
2.00200793 0.70115324
2.01242770 0.76586630
1.96043727 0.46959450
1.97653252 0.55035241
1.91273638 0.60103872
1.92835040 0.67032104
1.85064126 0.21400731
1.84267635 0.13197492
1.78330246 0.09901027
1.78020617 -0.00000000
1.90843730 0.44319974
1.89651917 0.36392509
1.80425210 0.34332864
1.79587725 0.25217131
1.98031118 0.91760661
1.97273917 1.00000000
1.90601308 0.85003508
1.91134502 0.82241557
1.85821362 0.73494678
1.85117113 0.57763228
1.83536126 0.49190378
1.81332897 0.72735336
1.78416151 0.62392307
1.71926835 0.22560584
1.71389273 0.13882406
1.65215911 0.10694303
1.64832398 0.00000000
1.77514418 0.46732867
1.76384772 0.37771882
1.67310131 0.25994527
1.68113765 0.35629289
1.52671172 0.00000000
1.83795266 0.89059623
1.83816996 1.00000000
1.76022553 0.76666223
1.76406131 0.85651291
1.71192668 0.50875695
1.72842290 0.60777662
1.67262728 0.64456741
1.67881038 0.73823089
1.58829594 0.23648370
1.58060524 0.14590256
1.52071572 0.11476014
1.64997978 0.48769470
1.63687318 0.38974348
1.54752113 0.27082203
1.56558840 0.37183134
1.46626309 0.13722006
1.39214211 0.08335685
1.39207393 -0.00000000
1.70298726 0.89482157
1.70435738 1.00000000
1.62648991 0.77450802
1.62898684 0.85957426
1.60202424 0.61902233
1.59087945 0.52620375
1.54847572 0.74190693
1.54445521 0.65816627
1.46416035 0.25887606
1.44171431 0.21549951
1.53049609 0.50456418
1.51032332 0.41256171
1.42646793 0.32378479
1.45891217 0.39861415
1.25873237 -0.00000000
1.33541488 0.20785145
1.31224201 0.13827219
1.26591672 0.11768487
1.56841215 0.89793190
1.56923738 1.00000000
1.49266092 0.78011553
1.49450845 0.86145463
1.46481676 0.55002107
1.46918692 0.62510464
1.41575075 0.74532203
1.41316804 0.66508486
1.30050477 0.27109096
1.33840536 0.32577504
1.39052753 0.51102567
1.31334335 0.40544758
1.38823685 0.45671187
1.14306728 -0.00000000
1.20135288 0.14623513
1.13795401 0.10851164
1.23052077 0.27434917
1.19101740 0.23698865
1.01716986 -0.00000000
1.43368902 0.90028784
1.43436311 1.00000000
1.35842555 0.78415193
1.35998450 0.86292022
1.33151113 0.55524613
1.33312609 0.63002247
1.28183320 0.66726509
1.28363450 0.74859380
1.25983900 0.42563491
1.19360831 0.38323938
1.24970602 0.51611074
1.07224777 0.13667568
1.01500754 0.10164906
1.06622269 0.22835120
1.09611428 0.25691786
1.16187837 0.38995799
1.08795268 0.33837002
0.94930158 0.13134940
0.89373296 0.10090643
0.88987274 -0.00000000
0.77527777 -0.00000000
0.65458385 -0.00000000
0.52672613 -0.00000000
1.29913476 0.90225908
1.29943340 1.00000000
1.22406119 0.78712470
1.22376503 0.86322284
1.20118476 0.54461885
1.19964883 0.63410456
1.15165232 0.74840190
1.15491465 0.66444530
1.11461350 0.50626399
1.11027586 0.49557340
0.95849463 0.24506390
0.94740298 0.23437131
0.95901302 0.33590870
1.02107827 0.45563393
1.02109581 0.37138124
0.84021882 0.23626619
0.82283016 0.13829267
0.77149512 0.11572031
0.72909235 0.13333034
0.65179707 0.09147053
0.52627403 0.09338494
0.59749625 0.12651392
0.47428548 0.12806141
0.39478058 0.08163112
0.39604458 -0.00000000
1.16684176 0.90039690
1.16396816 1.00000000
1.09223019 0.78147673
1.08150583 0.85768469
1.05308465 0.61428172
1.01083240 0.72480154
1.05710472 0.62463866
0.96751359 0.57448669
0.96449139 0.49146896
0.81981056 0.26040414
0.89242571 0.37337812
0.83169273 0.34327781
0.89632502 0.45892372
0.70958600 0.24959647
0.70036055 0.23350083
0.60009037 0.20829364
0.55907672 0.24308216
0.46840000 0.19184145
0.41661933 0.22865157
0.33294227 0.17526039
0.33417158 0.12747171
0.25727839 0.07671387
0.25680408 -0.00000000
0.97641256 0.86659663
1.03597103 0.88544618
1.03990315 1.00000000
0.96461452 0.73802117
0.94599913 0.77223705
0.89887791 0.61870213
0.89344461 0.64812819
0.82225155 0.54449394
0.82941963 0.49904910
0.68621921 0.32796249
0.75287555 0.43280392
0.75716996 0.39319371
0.55481861 0.29552652
0.62369394 0.35195364
0.41021092 0.28661245
0.48695223 0.33780793
0.35737978 0.32083591
0.27239801 0.27074158
0.27253588 0.22556970
0.19039324 0.17371853
0.18799652 0.13036698
0.12291827 0.08689410
0.11369993 -0.00000000
-0.00000000 0.00000000
0.84737778 0.79613048
0.84047922 0.87328587
0.90742139 0.91523640
0.91026909 1.00000000
0.80326629 0.75421970
0.80644425 0.69974583
0.74538618 0.58922213
0.74146786 0.64379406
0.67831095 0.53592035
0.68197609 0.47946719
0.60675618 0.42620207
0.55417257 0.45002988
0.48106163 0.40458028
0.34754938 0.39133441
0.42738089 0.43487597
0.31043588 0.41347567
0.21869310 0.31996869
0.22096356 0.37201424
0.12748662 0.27581010
0.12628698 0.23399699
0.01662726 0.16001646
-0.00000000 0.15997447
0.71767799 0.79310290
0.71500331 0.86642137
0.77616216 0.90620217
0.77328423 1.00000000
0.65807762 0.74779169
0.66079979 0.68884148
0.59891954 0.63773306
0.60161758 0.57919423
0.54004319 0.53140951
0.41781013 0.51417193
0.47174519 0.55590021
0.34602610 0.53872865
0.29448440 0.48978419
0.17428520 0.41887353
0.21595213 0.51075479
0.12100377 0.41662440
0.07694853 0.32709263
-0.00000000 0.32541663
0.58748933 0.78772638
0.58551605 0.86455817
0.64488191 0.90164859
0.64380711 1.00000000
0.51423619 0.68345822
0.51331894 0.74316340
0.45982058 0.63746849
0.38103267 0.66139615
0.33022211 0.60678892
0.19922515 0.54062608
0.24435568 0.62918107
0.12347352 0.55445192
0.07134841 0.47261496
-0.00000000 0.47353869
0.45866535 0.78339016
0.51361966 0.89966185
0.46438754 0.87021909
0.51598094 1.00000000
0.36024320 0.74385391
0.36565587 0.75295993
0.22686376 0.66526582
0.25477557 0.73345095
0.13101185 0.67386231
0.09254224 0.60978483
-0.00000000 0.61420739
0.33296905 0.86222145
0.38504531 0.90440686
0.37921839 1.00000000
0.22171974 0.78779191
0.25923824 0.87441563
0.13310231 0.78858132
0.10257778 0.74117270
-0.00000000 0.74264199
0.24723258 0.89294218
0.26059248 1.00000000
0.10512372 0.87009259
0.13099992 0.90473022
-0.00000000 0.87197069
0.11976765 1.00000000
-0.00000000 1.00000000
200
6 67 65 49 48 62 66
6 51 35 32 31 33 50
6 388 381 378 379 385 389
6 64 52 46 47 49 65
6 166 150 149 148 158 165
4 396 393 394 398
7 300 299 278 275 276 297 296
6 195 192 176 177 190 194
6 29 26 27 41 45 44
5 11 10 22 27 26
6 270 268 269 288 289 290
4 6 1 3 7
5 14 16 4 10 11
7 185 180 179 178 183 196 197
6 98 84 80 81 96 99
6 312 310 311 332 334 333
7 220 205 204 203 214 222 223
7 21 19 18 17 32 35 36
6 92 76 73 72 88 91
5 15 13 5 4 16
5 133 126 114 131 132
5 397 395 396 398 399
6 70 68 53 52 64 71
5 9 2 1 6 8
5 152 137 134 135 153
5 134 118 115 116 135
7 130 129 111 108 109 110 122
5 219 202 205 220 221
6 145 127 125 126 133 144
6 334 332 331 350 352 351
6 124 122 110 104 119 123
6 341 340 339 338 358 359
6 307 284 283 285 304 306
5 384 383 382 391 392
6 336 313 312 333 335 337
6 59 56 40 39 54 58
6 114 112 113 111 129 131
7 282 263 259 258 260 283 284
6 32 17 12 13 15 31
6 383 371 369 370 380 382
5 202 187 186 204 205
6 258 238 239 241 262 260
6 103 101 85 84 98 102
5 75 57 56 59 74
5 379 374 376 386 385
6 227 212 208 209 225 228
6 233 217 218 216 229 235
6 160 157 142 143 156 159
6 125 106 105 112 114 126
6 108 91 88 87 90 109
5 322 296 297 298 323
5 140 130 122 124 141
6 158 148 140 141 142 157
7 289 288 287 286 305 309 308
6 353 351 352 366 367 368
6 210 198 193 192 195 211
4 27 22 23 41
6 283 260 262 261 281 285
6 167 161 151 150 166 168
5 375 361 362 363 377
5 128 107 106 125 127
5 320 300 296 322 321
5 225 209 206 207 226
5 120 103 102 117 121
5 38 20 19 21 37
6 18 8 6 7 12 17
6 183 178 167 168 182 184
6 352 350 349 348 364 366
5 272 247 268 270 271
6 326 303 301 302 325 327
5 40 37 21 36 39
6 349 328 326 327 347 348
6 90 87 70 71 82 89
6 347 327 325 324 342 346
4 45 41 42 60
5 297 276 273 274 298
6 374 365 360 361 375 376
5 286 282 284 307 305
7 172 159 156 155 154 170 173
5 187 169 180 185 186
5 224 219 221 236 237
6 80 66 62 63 78 81
6 174 165 158 157 160 175
6 182 168 166 165 174 181
5 78 63 60 61 79
7 302 301 280 277 279 278 299
6 100 89 82 83 85 101
6 136 121 117 118 134 137
6 275 254 250 251 273 276
6 176 175 160 159 172 177
5 317 316 315 339 340
6 358 338 336 337 355 357
5 206 191 188 189 207
5 107 86 93 105 106
5 46 34 28 30 47
6 293 271 270 290 291 292
5 188 173 170 171 189
6 250 232 227 228 248 251
5 373 372 371 383 384
6 281 261 257 256 277 280
5 247 246 267 269 268
6 85 83 67 66 80 84
5 244 224 237 242 243
5 169 164 163 179 180
6 331 330 329 328 349 350
5 147 128 127 145 146
6 325 302 299 300 320 324
5 156 143 138 139 155
7 138 123 119 120 121 136 139
6 105 93 94 95 113 112
6 231 230 213 212 227 232
6 369 356 354 353 368 370
6 360 346 342 343 362 361
6 49 47 30 29 44 48
7 367 366 364 365 374 379 378
6 88 72 69 68 70 87
6 199 184 182 181 193 198
4 41 23 24 42
5 319 318 317 340 341
5 204 186 185 197 203
6 316 294 293 292 314 315
5 12 7 3 5 13
5 392 391 390 395 397
6 117 102 98 99 115 118
5 57 38 37 40 56
6 69 55 51 50 53 68
6 380 370 368 367 378 381
7 240 234 233 235 252 256 257
6 304 285 281 280 301 303
6 82 71 64 65 67 83
5 215 200 201 218 217
6 53 50 33 34 46 52
5 246 245 265 266 267
5 344 321 322 323 345
6 291 290 289 308 311 310
5 295 272 271 293 294
6 54 39 36 35 51 55
6 162 146 145 144 151 161
6 193 181 174 175 176 192
6 311 308 309 330 331 332
5 96 81 78 79 97
5 170 154 152 153 171
6 236 221 220 223 239 238
6 190 177 172 173 188 191
6 239 223 222 234 240 241
5 355 337 335 354 356
6 329 306 304 303 326 328
6 393 389 385 386 387 394
6 309 305 307 306 329 330
5 362 343 344 345 363
6 222 214 215 217 233 234
6 382 380 381 388 390 391
6 62 48 44 45 60 63
6 28 14 11 26 29 30
6 208 194 190 191 206 209
6 213 211 195 194 208 212
6 242 237 236 238 258 259
5 20 9 8 18 19
5 273 251 248 249 274
6 314 292 291 310 312 313
6 86 75 74 77 94 93
6 256 252 253 255 279 277
6 342 324 320 321 344 343
6 255 253 231 232 250 254
6 339 315 314 313 336 338
6 335 333 334 351 353 354
7 33 31 15 16 14 28 34
4 42 24 25 43
5 164 147 146 162 163
6 390 388 389 393 396 395
6 364 348 347 346 360 365
5 262 241 240 257 261
6 73 58 54 55 69 72
5 359 358 357 372 373
6 372 357 355 356 369 371
5 269 267 266 287 288
6 142 141 124 123 138 143
6 113 95 92 91 108 111
7 149 132 131 129 130 140 148
6 229 216 210 211 213 230
6 179 163 162 161 167 178
5 264 243 242 259 263
6 104 100 101 103 120 119
7 266 265 264 263 282 286 287
6 155 139 136 137 152 154
5 386 376 375 377 387
5 279 255 254 275 278
6 151 144 133 132 149 150
6 110 109 90 89 100 104
5 318 295 294 316 317
4 60 42 43 61
5 115 99 96 97 116
5 248 228 225 226 249
6 203 197 196 200 215 214
6 252 235 229 230 231 253
5 245 244 243 264 265
6 218 201 199 198 210 216
6 200 196 183 184 199 201
6 77 74 59 58 73 76
5 94 77 76 92 95
9
319 1 0
341 1 0
359 1 0
373 1 0
384 1 0
392 1 0
397 1 0
399 1 0
2 0 1
1
399 0.00000000 -0.50000000
