36
0 0
0.2 0
0.4 0
0.6 0
0.8 0
1 0
0 0.2
0.2 0.2
0.4 0.2
0.6 0.2
0.8 0.2
1 0.2
0 0.4
0.2 0.4
0.4 0.4
0.6 0.4
0.8 0.4
1 0.4
0 0.6
0.2 0.6
0.4 0.6
0.6 0.6
0.8 0.6
1 0.6
0 0.8
0.2 0.8
0.4 0.8
0.6 0.8
0.8 0.8
1 0.8
0 1
0.2 1
0.4 1
0.6 1
0.8 1
1 1
60
35 34
29 35
34 33
28 34
32 31
26 32
29 28
28 27
23 29
4 10
9 15
12 6
1 7
33 32
13 12
2 8
4 5
17 16
20 19
27 26
8 14
10 9
25 24
31 30
11 10
23 22
3 4
5 11
14 20
1 2
21 27
27 33
8 7
30 24
15 14
19 18
0 1
7 6
25 31
6 0
7 13
3 9
24 18
22 28
9 8
10 16
11 17
13 19
18 12
19 25
15 21
21 20
16 22
14 13
2 3
16 15
22 21
17 23
20 26
26 25
25
4 0 1 7 6 0.1 0.1
4 1 2 8 7 0.3 0.1
4 2 3 9 8 0.5 0.1
4 3 4 10 9 0.7 0.1
4 4 5 11 10 0.9 0.1
4 6 7 13 12 0.1 0.3
4 7 8 14 13 0.3 0.3
4 8 9 15 14 0.5 0.3
4 9 10 16 15 0.7 0.3
4 10 11 17 16 0.9 0.3
4 12 13 19 18 0.1 0.5
4 13 14 20 19 0.3 0.5
4 14 15 21 20 0.5 0.5
4 15 16 22 21 0.7 0.5
4 16 17 23 22 0.9 0.5
4 18 19 25 24 0.1 0.7
4 19 20 26 25 0.3 0.7
4 20 21 27 26 0.5 0.7
4 21 22 28 27 0.7 0.7
4 22 23 29 28 0.9 0.7
4 24 25 31 30 0.1 0.9
4 25 26 32 31 0.3 0.9
4 26 27 33 32 0.5 0.9
4 27 28 34 33 0.7 0.9
4 28 29 35 34 0.9 0.9
