325
0.173913 -1.45455
0 -1.45455
0.173913 -1.81818
0 -1.81818
0.173913 -2
0 -2
0.521739 -1.81818
0.521739 -2
0.521739 -1.45455
0.869565 -1.81818
0.869565 -1.45455
0.869565 -2
0.173913 -1.09091
0 -1.09091
0.521739 -1.09091
0.869565 -1.09091
1.21739 -1.45455
1.21739 -1.81818
0.173913 -0.727273
0.521739 -0.727273
0 -0.727273
1.21739 -2
1.56522 -1.81818
1.56522 -2
1.56522 -1.45455
1.91304 -1.81818
1.91304 -1.45455
1.91304 -2
1.21739 -1.09091
1.56522 -1.09091
1.91304 -1.09091
2.26087 -1.45455
2.26087 -1.81818
1.21739 -0.727273
1.56522 -0.727273
0.869565 -0.727273
2.26087 -2
0.173913 -0.363636
0.521739 -0.363636
0 -0.363636
0.173913 5.53863e-017
0.521739 8.35633e-017
0 5.55112e-017
0.869565 3.27342e-017
0.869565 -0.363636
1.21739 3.96025e-016
1.21739 -0.363636
0.173913 0.363636
0.521739 0.363636
0 0.363636
1.56522 -0.363636
1.91304 -0.727273
1.56522 1.34794e-016
1.91304 3.60023e-017
1.91304 -0.363636
2.26087 1.35437e-016
2.26087 -0.363636
1.21739 0.363636
1.56522 0.363636
0.869565 0.363636
2.26087 -0.727273
2.26087 -1.09091
2.6087 -1.81818
2.6087 -2
2.6087 -1.45455
2.95652 -1.81818
2.95652 -1.45455
2.95652 -2
2.6087 -1.09091
2.95652 -1.09091
3.30435 -1.45455
3.30435 -1.81818
2.6087 -0.727273
3.30435 -2
3.65217 -1.81818
3.65217 -2
3.65217 -1.45455
4 -1.81818
4 -1.45455
4 -2
3.30435 -1.09091
3.65217 -1.09091
4 -1.09091
4.34783 -1.45455
4.34783 -1.81818
3.30435 -0.727273
3.65217 -0.727273
2.95652 -0.727273
4.34783 -2
2.6087 -0.363636
2.6087 -3.46308e-016
2.95652 -1.76583e-016
2.95652 -0.363636
3.30435 6.99473e-016
3.30435 -0.363636
2.26087 0.363636
2.6087 0.363636
1.91304 0.363636
3.65217 -0.363636
4 -0.727273
3.65217 -1.72125e-015
4 -1.07321e-015
4 -0.363636
4.34783 4.98889e-016
4.34783 -0.363636
3.30435 0.363636
3.65217 0.363636
2.95652 0.363636
4.34783 -0.727273
4.34783 -1.09091
0.173913 0.727273
0.521739 0.727273
0 0.727273
0.173913 1.09091
0.521739 1.09091
0 1.09091
0.869565 1.09091
0.869565 0.727273
1.21739 1.09091
1.21739 0.727273
0.521739 1.45455
0.869565 1.45455
0.173913 1.45455
1.56522 0.727273
1.56522 1.09091
1.91304 1.09091
1.91304 0.727273
2.26087 1.09091
2.26087 0.727273
1.56522 1.45455
1.91304 1.45455
1.21739 1.45455
0.173913 1.81818
0 1.81818
0 1.45455
0.521739 1.81818
0.869565 1.81818
0.173913 2
0 2
0.521739 2
0.869565 2
1.21739 1.81818
1.56522 1.81818
1.91304 1.81818
1.21739 2
1.56522 2
1.91304 2
2.26087 1.81818
2.26087 1.45455
2.6087 0.727273
2.6087 1.09091
2.95652 1.09091
2.95652 0.727273
3.30435 1.09091
3.30435 0.727273
2.6087 1.45455
2.95652 1.45455
3.65217 0.727273
4 0.363636
3.65217 1.09091
4 1.09091
4 0.727273
4.34783 1.09091
4.34783 0.727273
3.65217 1.45455
4 1.45455
3.30435 1.45455
4.34783 0.363636
2.6087 1.81818
2.95652 1.81818
2.6087 2
2.26087 2
2.95652 2
3.30435 1.81818
3.65217 1.81818
4 1.81818
3.65217 2
3.30435 2
4 2
4.34783 1.81818
4.34783 1.45455
4.69565 -1.81818
4.69565 -2
4.69565 -1.45455
5.04348 -1.81818
5.04348 -2
4.69565 -1.09091
5.04348 -1.45455
5.04348 -1.09091
5.3913 -1.45455
5.3913 -1.81818
4.69565 -0.727273
5.04348 -0.727273
5.3913 -2
5.73913 -1.81818
5.73913 -2
5.73913 -1.45455
6.08696 -1.81818
6.08696 -1.45455
6.08696 -2
5.3913 -1.09091
5.73913 -1.09091
6.08696 -1.09091
6.43478 -1.45455
6.43478 -1.81818
5.3913 -0.727273
5.73913 -0.727273
6.43478 -2
4.69565 -0.363636
5.04348 -0.363636
4.69565 -1.24294e-015
5.04348 -2.20814e-015
5.3913 -1.14864e-015
5.3913 -0.363636
4.69565 0.363636
5.04348 0.363636
5.73913 -0.363636
6.08696 -0.727273
5.73913 -1.52924e-015
6.08696 -3.35678e-015
6.08696 -0.363636
6.43478 -2.58531e-015
6.43478 -0.363636
5.3913 0.363636
5.73913 0.363636
6.43478 -0.727273
6.43478 -1.09091
6.78261 -1.81818
6.78261 -1.45455
6.78261 -2
7.13043 -1.81818
7.13043 -1.45455
7.13043 -2
6.78261 -1.09091
7.13043 -1.09091
7.47826 -1.45455
7.47826 -1.81818
6.78261 -0.727273
7.47826 -2
7.82609 -1.81818
7.82609 -1.45455
7.82609 -2
8 -1.45455
8 -1.81818
8 -2
7.47826 -1.09091
7.82609 -1.09091
8 -1.09091
7.47826 -0.727273
7.82609 -0.727273
7.13043 -0.727273
6.78261 -0.363636
6.78261 -9.53203e-016
7.13043 -6.49413e-015
7.13043 -0.363636
7.47826 -4.82088e-015
7.47826 -0.363636
6.43478 0.363636
6.78261 0.363636
7.82609 -0.363636
8 -0.727273
7.82609 -2.98305e-015
8 5.55112e-017
8 -0.363636
7.47826 0.363636
7.82609 0.363636
7.13043 0.363636
6.08696 0.363636
4.69565 0.727273
5.04348 0.727273
4.69565 1.09091
5.04348 1.09091
5.3913 1.09091
5.3913 0.727273
4.69565 1.45455
5.73913 0.727273
5.73913 1.09091
6.08696 1.09091
6.08696 0.727273
6.43478 1.09091
6.43478 0.727273
5.73913 1.45455
6.08696 1.45455
5.3913 1.45455
5.04348 1.45455
4.69565 1.81818
5.04348 1.81818
4.34783 2
4.69565 2
5.04348 2
5.3913 1.81818
5.73913 1.81818
6.08696 1.81818
5.3913 2
5.73913 2
6.08696 2
6.43478 1.81818
6.43478 1.45455
6.78261 0.727273
6.78261 1.09091
7.13043 1.09091
7.13043 0.727273
7.47826 1.09091
7.47826 0.727273
6.78261 1.45455
7.13043 1.45455
7.82609 0.727273
8 0.363636
7.82609 1.09091
8 1.09091
8 0.727273
7.82609 1.45455
8 1.45455
7.47826 1.45455
6.78261 1.81818
7.13043 1.81818
6.43478 2
6.78261 2
7.13043 2
7.47826 1.81818
7.82609 1.81818
8 1.81818
7.47826 2
7.82609 2
8 2
612
324 323
322 323
323 320
322 318
319 322
312 321
315 319
317 318
316 317
317 314
316 295
315 314
305 315
296 314
297 304
313 302
305 313
311 308
312 311
308 306
302 308
262 307
307 265
306 303
265 306
321 320
264 266
303 301
300 302
301 266
301 298
300 301
299 298
279 299
296 297
294 295
293 294
294 291
293 289
282 292
290 291
288 289
179 287
284 286
285 274
313 311
179 285
280 257
283 281
272 283
276 281
279 280
277 279
278 275
277 278
276 277
276 275
275 273
224 275
273 223
162 270
269 268
215 269
167 214
267 219
255 264
263 260
263 262
262 261
261 259
255 261
247 260
260 249
259 256
249 259
273 269
248 250
257 258
221 257
255 256
254 251
252 253
252 251
221 252
251 222
237 251
250 234
249 246
303 264
242 247
246 240
245 246
244 243
289 286
243 242
238 241
241 239
236 239
237 233
225 237
236 230
231 235
264 265
234 231
233 234
232 230
231 228
230 231
227 230
207 229
271 272
233 228
228 203
227 228
226 202
225 226
225 217
299 300
215 223
223 224
287 178
212 223
222 220
221 222
219 221
110 47
268 163
96 107
62 32
104 108
180 162
102 98
100 98
259 263
153 159
99 86
321 324
266 253
258 252
98 94
69 66
94 85
58 52
14 15
97 95
96 149
253 254
195 194
93 94
67 65
109 82
33 34
166 164
55 90
38 37
85 86
16 24
94 92
25 26
80 85
148 127
156 151
288 285
258 266
74 77
113 122
76 74
81 82
73 75
60 72
70 71
165 175
320 311
105 106
182 185
274 270
61 68
319 320
78 83
39 37
208 104
66 64
305 300
15 35
78 76
7 11
115 113
60 61
169 168
60 51
93 105
122 120
43 59
43 44
124 123
57 58
28 15
69 87
20 39
132 137
286 285
59 57
210 211
245 248
151 153
49 47
24 22
21 23
46 44
53 54
169 173
20 18
128 126
72 68
237 250
238 236
39 42
6 9
304 305
292 291
272 273
220 216
153 166
213 205
83 84
10 16
302 303
96 90
37 18
67 73
75 74
200 205
265 261
104 102
55 56
122 134
145 142
310 309
82 99
306 310
145 146
4 7
54 50
156 166
299 304
6 2
214 268
36 63
46 33
92 89
111 110
75 79
103 210
15 10
71 65
53 55
16 28
84 77
51 34
26 24
80 81
211 212
13 20
186 188
171 146
34 29
19 14
12 14
1 0
54 51
7 6
17 9
281 282
91 92
45 46
108 99
280 278
0 2
121 116
88 84
19 35
153 154
284 274
182 181
52 50
45 57
295 292
72 87
16 17
137 138
31 61
61 30
21 17
14 8
163 167
86 81
297 282
10 8
23 22
68 64
29 30
72 89
56 54
127 128
27 36
34 50
12 0
77 78
50 46
146 143
224 267
19 38
27 25
149 128
83 109
90 91
62 65
45 52
101 102
106 100
222 225
22 17
1 13
100 101
64 62
28 29
235 236
177 172
4 2
29 24
28 33
144 140
162 163
31 32
32 25
175 174
26 31
30 26
137 139
58 97
114 120
47 48
2 3
35 33
152 149
66 70
36 32
191 208
91 93
164 165
92 87
41 38
190 184
68 69
69 80
159 160
37 40
3 1
48 41
241 244
209 208
40 41
195 199
91 107
156 169
173 174
247 246
44 35
158 106
102 99
65 66
125 126
44 38
232 238
42 49
204 227
43 45
30 51
74 71
63 67
291 281
254 250
101 158
186 183
12 18
18 19
258 298
3 5
134 133
220 217
8 6
56 60
70 76
202 198
87 85
48 111
112 110
216 213
86 98
110 113
256 254
114 111
226 233
203 226
112 115
270 271
116 117
253 255
117 111
117 59
55 95
151 152
116 118
180 274
118 119
119 117
22 25
138 133
256 248
120 121
296 316
11 9
119 57
123 119
318 315
118 124
124 125
31 64
130 125
126 97
125 127
136 141
124 129
129 130
118 131
184 181
131 129
143 142
49 112
128 95
133 132
132 122
191 192
134 115
121 136
271 269
248 249
136 135
139 135
41 43
140 136
192 188
282 277
240 235
141 131
284 283
101 103
205 206
229 227
142 129
185 184
130 143
109 186
141 144
143 147
272 276
203 204
114 116
148 130
127 150
239 240
170 172
150 149
171 170
0 8
212 218
271 284
48 59
93 100
150 151
197 198
152 107
95 96
154 152
204 197
150 155
309 312
257 267
155 156
148 155
154 105
229 232
157 154
297 279
159 157
160 161
141 142
161 157
139 140
161 158
235 245
58 123
213 209
160 162
83 183
242 240
189 196
292 296
23 27
163 161
159 164
165 160
167 158
147 168
168 155
286 290
79 77
170 168
132 135
172 169
108 109
173 166
9 10
174 164
82 78
176 174
121 131
173 177
103 104
177 176
178 175
63 62
176 178
310 307
175 179
290 283
270 268
199 197
218 219
179 180
5 4
201 202
245 234
180 165
167 103
278 267
239 243
135 120
181 84
52 53
88 182
183 181
73 71
183 187
290 293
187 184
309 308
188 187
53 97
187 189
201 196
107 105
189 190
40 47
186 191
144 145
193 190
13 12
185 193
194 190
90 89
193 195
196 194
194 197
198 196
189 200
200 188
200 201
224 218
126 123
198 203
206 201
319 313
192 205
79 88
207 204
11 21
192 209
199 207
108 191
210 208
70 80
113 114
211 209
298 280
147 148
212 213
210 214
89 56
214 215
287 288
106 157
147 171
215 211
206 216
202 217
81 76
217 206
314 304
218 216
42 40
219 220
288
4 3 2 0 1 0.0869565 -1.63636
4 4 2 3 5 0.0869565 -1.90909
4 7 6 2 4 0.347826 -1.90909
4 8 0 2 6 0.347826 -1.63636
4 6 9 10 8 0.695652 -1.63636
4 11 9 6 7 0.695652 -1.90909
4 1 0 12 13 0.0869565 -1.27273
4 14 12 0 8 0.347826 -1.27273
4 15 14 8 10 0.695652 -1.27273
4 17 16 10 9 1.04348 -1.63636
4 19 18 12 14 0.347826 -0.909091
4 13 12 18 20 0.0869565 -0.909091
4 21 17 9 11 1.04348 -1.90909
4 23 22 17 21 1.3913 -1.90909
4 24 16 17 22 1.3913 -1.63636
4 22 25 26 24 1.73913 -1.63636
4 27 25 22 23 1.73913 -1.90909
4 16 28 15 10 1.04348 -1.27273
4 29 28 16 24 1.3913 -1.27273
4 30 29 24 26 1.73913 -1.27273
4 32 31 26 25 2.08696 -1.63636
4 34 33 28 29 1.3913 -0.909091
4 33 35 15 28 1.04348 -0.909091
4 36 32 25 27 2.08696 -1.90909
4 35 19 14 15 0.695652 -0.909091
4 37 18 19 38 0.347826 -0.545455
4 20 18 37 39 0.0869565 -0.545455
4 38 41 40 37 0.347826 -0.181818
4 39 37 40 42 0.0869565 -0.181818
4 44 43 41 38 0.695652 -0.181818
4 35 44 38 19 0.695652 -0.545455
4 46 45 43 44 1.04348 -0.181818
4 48 47 40 41 0.347826 0.181818
4 42 40 47 49 0.0869565 0.181818
4 33 46 44 35 1.04348 -0.545455
4 46 33 34 50 1.3913 -0.545455
4 34 29 30 51 1.73913 -0.909091
4 50 52 45 46 1.3913 -0.181818
4 54 53 52 50 1.73913 -0.181818
4 51 54 50 34 1.73913 -0.545455
4 56 55 53 54 2.08696 -0.181818
4 58 57 45 52 1.3913 0.181818
4 57 59 43 45 1.04348 0.181818
4 60 56 54 51 2.08696 -0.545455
4 59 48 41 43 0.695652 0.181818
4 61 60 51 30 2.08696 -0.909091
4 63 62 32 36 2.43478 -1.90909
4 64 31 32 62 2.43478 -1.63636
4 62 65 66 64 2.78261 -1.63636
4 67 65 62 63 2.78261 -1.90909
4 64 68 61 31 2.43478 -1.27273
4 30 26 31 61 2.08696 -1.27273
4 69 68 64 66 2.78261 -1.27273
4 71 70 66 65 3.13043 -1.63636
4 72 60 61 68 2.43478 -0.909091
4 73 71 65 67 3.13043 -1.90909
4 75 74 71 73 3.47826 -1.90909
4 76 70 71 74 3.47826 -1.63636
4 74 77 78 76 3.82609 -1.63636
4 79 77 74 75 3.82609 -1.90909
4 76 81 80 70 3.47826 -1.27273
4 69 66 70 80 3.13043 -1.27273
4 78 82 81 76 3.82609 -1.27273
4 84 83 78 77 4.17391 -1.63636
4 86 85 80 81 3.47826 -0.909091
4 85 87 69 80 3.13043 -0.909091
4 88 84 77 79 4.17391 -1.90909
4 87 72 68 69 2.78261 -0.909091
4 56 60 72 89 2.43478 -0.545455
4 89 90 55 56 2.43478 -0.181818
4 92 91 90 89 2.78261 -0.181818
4 87 92 89 72 2.78261 -0.545455
4 94 93 91 92 3.13043 -0.181818
4 96 95 55 90 2.43478 0.181818
4 95 97 53 55 2.08696 0.181818
4 85 94 92 87 3.13043 -0.545455
4 94 85 86 98 3.47826 -0.545455
4 86 81 82 99 3.82609 -0.909091
4 98 100 93 94 3.47826 -0.181818
4 102 101 100 98 3.82609 -0.181818
4 99 102 98 86 3.82609 -0.545455
4 104 103 101 102 4.17391 -0.181818
4 106 105 93 100 3.47826 0.181818
4 105 107 91 93 3.13043 0.181818
4 108 104 102 99 4.17391 -0.545455
4 107 96 90 91 2.78261 0.181818
4 109 108 99 82 4.17391 -0.909091
4 97 58 52 53 1.73913 0.181818
4 110 47 48 111 0.347826 0.545455
4 49 47 110 112 0.0869565 0.545455
4 111 114 113 110 0.347826 0.909091
4 112 110 113 115 0.0869565 0.909091
4 117 116 114 111 0.695652 0.909091
4 59 117 111 48 0.695652 0.545455
4 119 118 116 117 1.04348 0.909091
4 121 120 114 116 0.695652 1.27273
4 120 122 113 114 0.347826 1.27273
4 57 119 117 59 1.04348 0.545455
4 119 57 58 123 1.3913 0.545455
4 123 124 118 119 1.3913 0.909091
4 126 125 124 123 1.73913 0.909091
4 97 126 123 58 1.73913 0.545455
4 128 127 125 126 2.08696 0.909091
4 130 129 124 125 1.73913 1.27273
4 129 131 118 124 1.3913 1.27273
4 95 128 126 97 2.08696 0.545455
4 131 121 116 118 1.04348 1.27273
4 134 122 132 133 0.0869565 1.63636
4 115 113 122 134 0.0869565 1.27273
4 135 132 122 120 0.347826 1.63636
4 120 121 136 135 0.695652 1.63636
4 133 132 137 138 0.0869565 1.90909
4 137 132 135 139 0.347826 1.90909
4 139 135 136 140 0.695652 1.90909
4 131 141 136 121 1.04348 1.63636
4 142 141 131 129 1.3913 1.63636
4 129 130 143 142 1.73913 1.63636
4 140 136 141 144 1.04348 1.90909
4 144 141 142 145 1.3913 1.90909
4 145 142 143 146 1.73913 1.90909
4 148 147 143 130 2.08696 1.63636
4 127 148 130 125 2.08696 1.27273
4 128 95 96 149 2.43478 0.545455
4 149 150 127 128 2.43478 0.909091
4 152 151 150 149 2.78261 0.909091
4 107 152 149 96 2.78261 0.545455
4 154 153 151 152 3.13043 0.909091
4 156 155 150 151 2.78261 1.27273
4 155 148 127 150 2.43478 1.27273
4 105 154 152 107 3.13043 0.545455
4 154 105 106 157 3.47826 0.545455
4 106 100 101 158 3.82609 0.181818
4 157 159 153 154 3.47826 0.909091
4 161 160 159 157 3.82609 0.909091
4 158 161 157 106 3.82609 0.545455
4 163 162 160 161 4.17391 0.909091
4 165 164 159 160 3.82609 1.27273
4 164 166 153 159 3.47826 1.27273
4 167 163 161 158 4.17391 0.545455
4 166 156 151 153 3.13043 1.27273
4 168 147 148 155 2.43478 1.63636
4 155 156 169 168 2.78261 1.63636
4 171 147 168 170 2.43478 1.90909
4 146 143 147 171 2.08696 1.90909
4 170 168 169 172 2.78261 1.90909
4 166 173 169 156 3.13043 1.63636
4 174 173 166 164 3.47826 1.63636
4 164 165 175 174 3.82609 1.63636
4 177 173 174 176 3.47826 1.90909
4 172 169 173 177 3.13043 1.90909
4 176 174 175 178 3.82609 1.90909
4 180 179 175 165 4.17391 1.63636
4 162 180 165 160 4.17391 1.27273
4 103 167 158 101 4.17391 0.181818
4 182 181 84 88 4.52174 -1.90909
4 183 83 84 181 4.52174 -1.63636
4 185 184 181 182 4.86957 -1.90909
4 83 109 82 78 4.17391 -1.27273
4 186 109 83 183 4.52174 -1.27273
4 181 184 187 183 4.86957 -1.63636
4 188 186 183 187 4.86957 -1.27273
4 190 189 187 184 5.21739 -1.63636
4 192 191 186 188 4.86957 -0.909091
4 193 190 184 185 5.21739 -1.90909
4 195 194 190 193 5.56522 -1.90909
4 196 189 190 194 5.56522 -1.63636
4 194 197 198 196 5.91304 -1.63636
4 199 197 194 195 5.91304 -1.90909
4 189 200 188 187 5.21739 -1.27273
4 201 200 189 196 5.56522 -1.27273
4 202 201 196 198 5.91304 -1.27273
4 204 203 198 197 6.26087 -1.63636
4 206 205 200 201 5.56522 -0.909091
4 205 192 188 200 5.21739 -0.909091
4 207 204 197 199 6.26087 -1.90909
4 104 108 191 208 4.52174 -0.545455
4 186 191 108 109 4.52174 -0.909091
4 191 192 209 208 4.86957 -0.545455
4 208 210 103 104 4.52174 -0.181818
4 209 211 210 208 4.86957 -0.181818
4 213 212 211 209 5.21739 -0.181818
4 215 214 210 211 4.86957 0.181818
4 205 213 209 192 5.21739 -0.545455
4 213 205 206 216 5.56522 -0.545455
4 206 201 202 217 5.91304 -0.909091
4 216 218 212 213 5.56522 -0.181818
4 220 219 218 216 5.91304 -0.181818
4 217 220 216 206 5.91304 -0.545455
4 222 221 219 220 6.26087 -0.181818
4 224 223 212 218 5.56522 0.181818
4 223 215 211 212 5.21739 0.181818
4 225 222 220 217 6.26087 -0.545455
4 226 225 217 202 6.26087 -0.909091
4 203 204 227 228 6.6087 -1.63636
4 229 227 204 207 6.6087 -1.90909
4 227 230 231 228 6.95652 -1.63636
4 232 230 227 229 6.95652 -1.90909
4 203 226 202 198 6.26087 -1.27273
4 233 226 203 228 6.6087 -1.27273
4 234 233 228 231 6.95652 -1.27273
4 236 235 231 230 7.30435 -1.63636
4 237 225 226 233 6.6087 -0.909091
4 238 236 230 232 7.30435 -1.90909
4 235 236 239 240 7.65217 -1.63636
4 241 239 236 238 7.65217 -1.90909
4 242 240 239 243 7.91304 -1.63636
4 243 239 241 244 7.91304 -1.90909
4 235 245 234 231 7.30435 -1.27273
4 246 245 235 240 7.65217 -1.27273
4 247 246 240 242 7.91304 -1.27273
4 249 248 245 246 7.65217 -0.909091
4 250 237 233 234 6.95652 -0.909091
4 222 225 237 251 6.6087 -0.545455
4 251 252 221 222 6.6087 -0.181818
4 254 253 252 251 6.95652 -0.181818
4 250 254 251 237 6.95652 -0.545455
4 256 255 253 254 7.30435 -0.181818
4 258 257 221 252 6.6087 0.181818
4 248 256 254 250 7.30435 -0.545455
4 248 250 234 245 7.30435 -0.909091
4 256 248 249 259 7.65217 -0.545455
4 260 249 246 247 7.91304 -0.909091
4 259 261 255 256 7.65217 -0.181818
4 262 261 259 263 7.91304 -0.181818
4 263 259 249 260 7.91304 -0.545455
4 265 264 255 261 7.65217 0.181818
4 266 258 252 253 6.95652 0.181818
4 267 224 218 219 5.91304 0.181818
4 163 167 214 268 4.52174 0.545455
4 210 214 167 103 4.52174 0.181818
4 214 215 269 268 4.86957 0.545455
4 268 270 162 163 4.52174 0.909091
4 269 271 270 268 4.86957 0.909091
4 273 272 271 269 5.21739 0.909091
4 274 180 162 270 4.52174 1.27273
4 223 273 269 215 5.21739 0.545455
4 273 223 224 275 5.56522 0.545455
4 275 276 272 273 5.56522 0.909091
4 278 277 276 275 5.91304 0.909091
4 267 278 275 224 5.91304 0.545455
4 280 279 277 278 6.26087 0.909091
4 282 281 276 277 5.91304 1.27273
4 281 283 272 276 5.56522 1.27273
4 257 280 278 267 6.26087 0.545455
4 283 284 271 272 5.21739 1.27273
4 285 179 180 274 4.52174 1.63636
4 274 270 271 284 4.86957 1.27273
4 274 284 286 285 4.86957 1.63636
4 178 175 179 287 4.17391 1.90909
4 287 179 285 288 4.52174 1.90909
4 288 285 286 289 4.86957 1.90909
4 283 290 286 284 5.21739 1.63636
4 291 290 283 281 5.56522 1.63636
4 281 282 292 291 5.91304 1.63636
4 289 286 290 293 5.21739 1.90909
4 293 290 291 294 5.56522 1.90909
4 294 291 292 295 5.91304 1.90909
4 297 296 292 282 6.26087 1.63636
4 279 297 282 277 6.26087 1.27273
4 257 267 219 221 6.26087 0.181818
4 280 257 258 298 6.6087 0.545455
4 298 299 279 280 6.6087 0.909091
4 301 300 299 298 6.95652 0.909091
4 266 301 298 258 6.95652 0.545455
4 303 302 300 301 7.30435 0.909091
4 305 304 299 300 6.95652 1.27273
4 264 303 301 266 7.30435 0.545455
4 264 266 253 255 7.30435 0.181818
4 303 264 265 306 7.65217 0.545455
4 307 265 261 262 7.91304 0.181818
4 306 308 302 303 7.65217 0.909091
4 309 308 306 310 7.91304 0.909091
4 310 306 265 307 7.91304 0.545455
4 312 311 308 309 7.91304 1.27273
4 313 305 300 302 7.30435 1.27273
4 299 304 297 279 6.6087 1.27273
4 314 296 297 304 6.6087 1.63636
4 304 305 315 314 6.95652 1.63636
4 295 292 296 316 6.26087 1.90909
4 316 296 314 317 6.6087 1.90909
4 317 314 315 318 6.95652 1.90909
4 313 319 315 305 7.30435 1.63636
4 308 311 313 302 7.65217 1.27273
4 320 319 313 311 7.65217 1.63636
4 321 320 311 312 7.91304 1.63636
4 318 315 319 322 7.30435 1.90909
4 322 319 320 323 7.65217 1.90909
4 323 320 321 324 7.91304 1.90909
