28
0.8 -1
0.8 1
2.4 -1
2.4 1
0 1
0 -1
0.8 -2
0 -2
2.4 -2
4 -1
4 1
4 -2
0.8 2
0 2
2.4 2
4 2
5.6 1
5.6 2
5.6 -1
5.6 -2
7.2 -1
7.2 -2
7.2 1
8 -1
8 -2
7.2 2
8 1
8 2
45
26 23
25 27
26 22
17 25
21 20
11 19
18 9
16 18
15 17
16 10
19 18
14 15
15 10
23 20
6 0
16 22
19 21
0 5
5 7
20 18
4 1
7 6
1 12
2 9
0 2
27 26
17 16
5 4
8 11
22 20
2 3
10 3
3 1
21 24
6 8
12 14
24 23
1 0
9 10
8 2
11 9
12 13
25 22
13 4
14 3
18
4 1 0 2 3 1.6 3.93249e-017
4 5 0 1 4 0.4 -0
4 6 0 5 7 0.4 -1.5
4 8 2 0 6 1.6 -1.5
4 2 9 10 3 3.2 -2.31319e-017
4 11 9 2 8 3.2 -1.5
4 4 1 12 13 0.4 1.5
4 12 1 3 14 1.6 1.5
4 14 3 10 15 3.2 1.5
4 15 10 16 17 4.8 1.5
4 18 16 10 9 4.8 -4.16288e-017
4 19 18 9 11 4.8 -1.5
4 21 20 18 19 6.4 -1.5
4 22 16 18 20 6.4 6.93754e-017
4 23 20 21 24 7.6 -1.5
4 17 16 22 25 6.4 1.5
4 27 25 22 26 7.6 1.5
4 26 22 20 23 7.6 3.23792e-017
